15
15
1,10,0,0,0|1,10,0,0,0|1,10,0,0,0|1,10,0,0,0|1,10,0,0,0|1,10,0,0,0|1,10,0,0,0|1,10,0,0,0|1,10,0,0,0|1,10,0,0,0|1,10,0,0,0|1,10,0,0,0|1,10,0,0,0|1,10,0,0,0|1,10,0,0,0
1,10,0,0,0|1,10,0,0,0|1,10,0,0,0|1,10,0,0,0|1,10,0,0,0|1,10,0,0,0|1,10,0,0,0|1,10,0,0,0|1,10,0,0,0|1,10,0,0,0|1,10,0,0,0|1,10,0,0,0|1,10,0,0,0|1,10,0,0,0|1,10,0,0,0
1,10,0,0,0|1,10,0,0,0|1,10,0,0,0|1,10,0,0,0|1,10,0,0,0|1,10,0,0,0|1,10,0,0,0|1,10,0,0,0|1,10,0,0,0|1,10,0,0,0|1,10,0,0,0|1,10,0,0,0|1,10,0,0,0|1,10,0,0,0|1,10,0,0,0
1,10,0,0,0|1,10,0,0,0|1,10,0,0,0|1,10,0,0,0|1,10,0,0,0|1,10,0,0,0|1,10,0,0,0|1,10,0,0,0|1,10,0,0,0|1,10,0,0,0|1,10,0,0,0|1,10,0,0,0|1,10,0,0,0|1,10,0,0,0|1,10,0,0,0
1,10,0,0,0|1,10,0,0,0|1,10,0,0,0|1,10,0,0,0|2,10,0,1,0|-1,-99,0,0,0|-1,-99,0,0,0|-1,-99,0,0,0|-1,-99,0,0,0|-1,-99,0,0,0|2,10,0,1,0|1,10,0,0,0|1,10,0,0,0|1,10,0,0,0|1,10,0,0,0
1,10,0,0,0|1,10,0,0,0|1,10,0,0,0|-1,-99,0,0,0|-1,-99,0,0,0|-1,-99,0,0,0|-1,-99,0,0,0|-1,-99,0,0,0|-1,-99,0,0,0|-1,-99,0,0,0|-1,-99,0,0,0|-1,-99,0,0,0|1,10,0,0,0|1,10,0,0,0|1,10,0,0,0
1,10,0,0,0|1,10,0,0,0|1,10,0,0,0|1,10,0,0,0|1,10,0,0,0|1,10,0,0,0|-1,-99,0,0,0|-1,-99,0,0,0|-1,-99,0,0,0|1,10,0,0,0|1,10,0,0,0|1,10,0,0,0|1,10,0,0,0|1,10,0,0,0|1,10,0,0,0
1,10,0,0,0|1,10,0,0,0|1,10,0,0,0|1,10,0,0,0|1,10,0,0,0|1,10,0,0,0|1,10,0,0,0|-1,-99,0,0,0|1,10,0,0,0|1,10,0,0,0|1,10,0,0,0|1,10,0,0,0|1,10,0,0,0|1,10,0,0,0|1,10,0,0,0
1,10,0,0,0|1,10,0,0,0|1,10,0,0,0|1,10,0,0,0|1,10,0,0,0|1,10,0,0,0|1,10,0,0,0|1,10,0,0,0|1,10,0,0,0|1,10,0,0,0|2,42,0,0,0|2,42,0,0,0|2,42,0,0,0|1,10,0,0,0|1,10,0,0,0
1,10,0,0,0|1,10,0,0,0|1,10,0,0,0|2,42,0,0,0|1,10,0,0,0|1,10,0,0,0|1,10,0,0,0|1,10,0,0,0|1,10,0,0,0|1,10,0,0,0|2,42,0,0,0|2,42,0,0,0|2,42,0,0,0|1,10,0,0,0|1,10,0,0,0
1,10,0,0,0|1,10,0,0,0|1,10,0,0,0|1,10,0,0,0|1,10,0,0,0|1,10,0,0,0|1,10,0,0,0|1,10,0,0,0|1,10,0,0,0|1,10,0,0,0|2,42,0,0,0|2,42,0,0,0|2,42,0,0,0|1,10,0,0,0|1,10,0,0,0
1,10,0,0,0|1,10,0,0,0|1,10,0,0,0|1,10,0,0,0|1,10,0,0,0|1,10,0,0,0|1,10,0,0,0|1,10,0,0,0|1,10,0,0,0|1,10,0,0,0|1,10,0,0,0|1,10,0,0,0|1,10,0,0,0|1,10,0,0,0|1,10,0,0,0
1,10,0,0,0|1,10,0,0,0|1,10,0,0,0|2,41,0,0,0|1,10,0,0,0|1,10,0,0,0|1,10,0,0,0|1,10,0,0,0|1,10,0,0,0|1,10,0,0,0|1,10,0,0,0|2,41,0,0,0|1,10,0,0,0|1,10,0,0,0|1,10,0,0,0
1,10,0,0,0|1,10,0,0,0|1,10,0,0,0|1,10,0,0,0|1,10,0,0,0|1,10,0,0,0|1,10,0,0,0|1,10,0,0,0|1,10,0,0,0|1,10,0,0,0|1,10,0,0,0|1,10,0,0,0|1,10,0,0,0|1,10,0,0,0|1,10,0,0,0
1,10,0,0,0|1,10,0,0,0|1,10,0,0,0|1,10,0,0,0|1,10,0,0,0|1,10,0,0,0|1,10,0,0,0|1,10,0,0,0|1,10,0,0,0|1,10,0,0,0|1,10,0,0,0|1,10,0,0,0|1,10,0,0,0|1,10,0,0,0|1,10,0,0,0|