15
15
1,10,0,0,0|1,10,0,0,0|1,10,0,0,0|1,10,0,0,0|1,10,0,0,0|1,10,0,0,0|1,10,0,0,0|1,10,0,0,0|1,10,0,0,0|1,10,0,0,0|1,10,0,0,0|1,10,0,0,0|1,10,0,0,0|1,10,0,0,0|1,9,0,0,-200
1,10,0,0,0|1,10,0,0,0|1,10,0,0,0|1,10,0,0,0|1,10,0,0,0|1,10,0,0,0|1,10,0,0,0|1,10,0,0,0|1,10,0,0,0|1,10,0,0,0|1,10,0,0,0|1,9,0,0,4|1,10,0,0,0|1,10,0,0,0|1,10,0,0,0
1,10,0,0,0|1,10,0,0,0|1,9,0,0,3|1,10,0,0,0|1,10,0,0,0|1,10,0,0,0|1,10,0,0,0|1,10,0,0,0|1,10,0,0,0|1,10,0,0,0|1,10,0,0,0|1,10,0,0,0|1,10,0,0,0|1,10,0,0,0|1,10,0,0,0
1,10,0,0,0|1,10,0,0,0|1,10,0,0,0|1,10,0,0,0|1,10,0,0,0|1,10,0,0,0|1,10,0,0,0|1,10,0,0,0|1,10,0,0,0|1,10,0,0,0|1,10,0,0,0|1,10,0,0,0|1,10,0,0,0|1,10,0,0,0|1,10,0,0,0
1,10,0,0,0|1,10,0,0,0|1,10,0,0,0|1,10,0,0,0|2,10,0,1,0|-1,-99,0,0,0|-1,-99,0,0,0|-1,-99,0,0,0|-1,-99,0,0,0|-1,-99,0,0,0|2,10,0,1,0|1,10,0,0,0|1,10,0,0,0|1,10,0,0,0|1,10,0,0,0
1,9,0,0,-100|1,10,0,0,0|1,10,0,0,0|-1,-99,0,0,0|-1,-99,0,0,0|-1,-99,0,0,0|-1,-99,0,0,0|-1,-99,0,0,0|-1,-99,0,0,0|-1,-99,0,0,0|-1,-99,0,0,0|-1,-99,0,0,0|1,10,0,0,0|1,10,0,0,0|1,10,0,0,0
1,10,0,0,0|1,10,0,0,0|1,10,0,0,0|1,10,0,0,0|1,10,0,0,0|1,10,0,0,0|-1,-99,0,0,0|-1,-99,0,0,0|-1,-99,0,0,0|1,10,0,0,0|1,10,0,0,0|1,10,0,0,0|1,10,0,0,0|1,10,0,0,0|1,10,0,0,0
1,10,0,0,0|1,10,0,0,0|1,10,0,0,0|1,10,0,0,0|1,10,0,0,0|1,10,0,0,0|1,10,0,0,0|-1,-99,0,0,0|1,9,0,0,-200|1,10,0,0,0|1,10,0,0,0|1,10,0,0,0|1,9,0,0,-200|1,10,0,0,0|1,10,0,0,0
1,10,0,0,0|1,10,0,0,0|1,10,0,0,0|1,10,0,0,0|1,9,0,0,-100|1,10,0,0,0|1,10,0,0,0|1,10,0,0,0|1,10,0,0,0|1,10,0,0,0|2,42,0,0,0|2,42,0,0,0|2,42,0,0,0|1,10,0,0,0|1,10,0,0,0
1,10,0,0,0|1,10,0,0,0|1,10,0,0,0|2,42,0,0,0|1,10,0,0,0|1,10,0,0,0|1,10,0,0,0|1,10,0,0,0|1,9,0,0,6|1,10,0,0,0|2,42,0,0,0|2,42,0,0,0|2,42,0,0,0|1,10,0,0,0|1,10,0,0,0
1,10,0,0,0|1,10,0,0,0|1,9,0,0,5|1,10,0,0,0|1,10,0,0,0|1,10,0,0,0|1,10,0,0,0|1,10,0,0,0|1,10,0,0,0|1,10,0,0,0|2,42,0,0,0|2,42,0,0,0|2,42,0,0,0|1,10,0,0,0|1,10,0,0,0
1,10,0,0,0|1,10,0,0,0|1,10,0,0,0|1,10,0,0,0|1,10,0,0,0|1,10,0,0,0|1,10,0,0,0|1,10,0,0,0|1,10,0,0,0|1,10,0,0,0|1,10,0,0,0|1,10,0,0,0|1,10,0,0,0|1,10,0,0,0|1,10,0,0,0
1,10,0,0,0|1,10,0,0,0|1,10,0,0,0|2,41,0,0,0|1,10,0,0,0|1,10,0,0,0|1,10,0,0,0|1,10,0,0,0|1,10,0,0,0|1,10,0,0,0|1,10,0,0,0|2,41,0,0,0|1,10,0,0,0|1,10,0,0,0|1,10,0,0,0
1,10,0,0,0|1,10,0,0,0|1,10,0,0,0|1,10,0,0,0|1,10,0,0,0|1,10,0,0,0|1,10,0,0,0|1,10,0,0,0|1,10,0,0,0|1,10,0,0,0|1,10,0,0,0|1,10,0,0,0|1,10,0,0,0|1,10,0,0,0|1,10,0,0,0
1,10,0,0,0|1,10,0,0,0|1,10,0,0,0|1,10,0,0,0|1,10,0,0,0|1,10,0,0,0|1,10,0,0,0|1,10,0,0,0|1,10,0,0,0|1,10,0,0,0|1,10,0,0,0|1,10,0,0,0|1,10,0,0,0|1,10,0,0,0|1,10,0,0,0|